$ANSIBLE_VAULT;1.1;AES256
61336264363338366662316231623636633565343666396631363162626631346462333935393365
3161376433313665303565303630303539633662376165640a383937626539353865616634316561
62366564353939373832343866653639613936346665663438613337613263393838663834393338
6263663065313230380a316239326332373438646330373066613537633039333261353465646462
61393863643339653634343031313435313535646138376334653636653239323436643161643531
38643731313361373335613861353162623132326331623662356264323232663438383333643436
38353064333037303063323136633061356437343637363264313965333836653261393339373866
36313836383635323130356536646234353133366134333931343635393666616538326236393632
33363238323430336165336238626634656231333039656266623366303165626536643531386263
37653433353234353833653535666166386563386662303433373265396139653436613730636462
366538653964653239303031363430643762
